function [lf_location,lf_style,lf_discription,lf_num,lf_segments,lf_diameter,lf_interval,lf_miu,lf_p0,lf_pz,lf_v0,lf_z]=Known_lossflow_parameters
%******************************************************
%计算门杆轴封漏汽量所需参数(50MW)
% ****作者：王雷 zrqwl2003@126.com***
%******************************************************
%书P120
%漏汽部位（主汽门、调节汽门（联合汽门）、高压缸前轴封、高压缸后轴封、中压缸轴封、其它）：
lf_location=4;
%漏汽类型(0:门杆、1轴封)：
lf_style=[0 0 1 1];
%漏汽点描述：
lf_discription={'主汽门','调节汽门','前轴封','后轴封'};
%每个部位漏汽通道个数：
lf_num=[1 4 1 1];
%每个通道段数：
lf_segments=[3 3 6 3];
%各段通道直径(cm)：
lf_diameter=[3.4 3.4 3.4 0 0 0;3.6 3.6 3.6 0 0 0;61.8 61.8 61.8 44.3 44.3 44.3;55.3 55.3 45.8 0 0 0];
%各段通道间隙(cm)：
lf_interval=[0.02 0.02 0.02 0 0 0;0.02 0.02 0.02 0 0 0;0.05 0.05 0.05 0.05 0.05 0.05;0.05 0.05 0.05 0 0 0];
%各段通道间隙漏汽系数
lf_miu=[0.29 0.5 0.14 0 0 0;0.329 0.6 0.2 0 0 0;1 1 1 1 1 1;1 1 1 0 0 0];
%各段通道前压力(MPa):
%6.2141数据是自己的
lf_p0=[8.82 0.588 0.098 0 0 0;8.82 0.588 0.098 0 0 0;6.2141 1.44 0.1722 0.101 0.101 0.098;0.101 0.101 0.098 0 0 0];
%各段通道后压力(MPa):
lf_pz=[0.588 0.095 0.095 0 0 0;0.588 0.095 0.095 0 0 0;1.44 0.1722 0.02487 0.02487 0.095 0.095;0.0046 0.095 0.095 0 0 0];
%各段通道前比容(m^3/kg):
%0.91？？？书上并没有描述
lf_v0=[0.039821 0.6016592 0.91 0 0 0;0.039821 0.6016592 0.91 0 0 0;0.0536 0.2305978 1.9316939 1.8249872 1.8249872 0.91;1.82 1.82 0.91 0 0 0];
%各段通道齿数:
%齿数进行了修改
lf_z=[0 0 0 0 0 0;0 0 0 0 0 0;78 36 10 10 10 10;12 9 6 0 0 0];